30 8726.857888
38 517.088166
37 7.720963 LUMO
36 -3.951095 HOMO
35 -8.396350
34 -8.396350
33 -9.393103
32 -9.393103
31 -13.464745
30 -13.464745
29 -14.007340
28 -22.707641
27 -36.275245
26 -36.319600
25 -69.438867
24 -69.438867
23 -69.787989
22 -69.787989
21 -69.938740
20 -161.083052
19 -161.083052
18 -161.470271
17 -203.605763
16 -692.943743
15 -692.943743
14 -693.047963
13 -693.047963
12 -693.083066
11 698.206428
10 -698.210782
9 -950.640871
8 -950.640871
7 -950.760602
6 -1051.090394
5 -4816.321472
4 -4816.321472
3 -4816.349227
2 -5090 879600
1 -5442.280000